#HERO
20,25#END

#BGIMG
https://i.imgur.com/Bp9i9aZ.jpeg#END

#FLOOR
7094 7094 7094 7094 7094 7094 7094 7094 7094 7094 7094 7094 7094 7094 7094 7094 7094 7094 7094 7094 7094 7094 7094 7094 7094 7094 7094 7094 7094 7094 7094 7094 7094 7094 7094 7094 7094 7094 7094 7094 7094 7094 7094 7094 7094 7094 7094 7094 7094 7094 7094 7094 7094 7094 7094 7094 7094 7094 7094 7094 7094 7094 7094 7094 7094 7094 7094 7094 7094 7094 7094 7094 7094 7094 7094 7094 7094 7094 7094 7094
7094 7094 7094 7094 7094 7094 7094 7094 7094 7094 7094 7094 7094 7094 7094 7094 7094 7094 7094 7094 7094 7094 7094 7094 7094 7094 7094 7094 7094 7094 7094 7094 7094 7094 7094 7094 7094 7094 7094 7094 7094 7094 7094 7094 7094 7094 7094 7094 7094 7094 7094 7094 7094 7094 7094 7094 7094 7094 7094 7094 7094 7094 7094 7094 7094 7094 7094 7094 7094 7094 7094 7094 7094 7094 7094 7094 7094 7094 7094 7094
7094 7094 7094 7094 7094 7094 7094 7094 7094 7094 7094 7094 7094 7094 7094 7094 7094 7094 7094 7094 7094 7094 7094 7094 7094 7094 7094 7094 7094 7094 7094 7094 7094 7094 7094 7094 7094 7094 7094 7094 7094 7094 7094 7094 7094 7094 7094 7094 7094 7094 7094 7094 7094 7094 7094 7094 7094 7094 7094 7094 7094 7094 7094 7094 7094 7094 7094 7094 7094 7094 7094 7094 7094 7094 7094 7094 7094 7094 7094 7094
7094 7094 7094 7094 7094 7094 7094 7094 7094 7094 7094 7094 7094 7094 7094 7054 7054 7054 7054 7054 7054 7054 7054 7054 7054 7054 7094 7094 7094 7094 7094 7094 7094 7094 7094 7094 7094 7094 7094 7094 7094 7094 7094 7094 7094 7094 7094 7094 7094 7094 7094 7094 7094 7094 7094 7094 7094 7094 7094 7094 7094 7094 7094 7094 7094 7094 7094 7094 7094 7094 7094 7094 7094 7094 7094 7094 7094 7094 7094 7094
7094 7094 7094 7094 7094 7094 7094 7094 7094 7094 7094 7094 7094 7094 7055 7054 7054 7054 7054 7054 7054 7054 7054 7054 7054 7054 7053 7094 4995 4995 4995 4995 4995 4995 4995 7094 7094 7094 7094 7094 7094 7094 7094 7094 7094 7094 7094 7094 7094 7094 7094 7094 7094 7094 7094 7094 7094 7094 7094 7094 7094 7094 7094 7094 7094 7094 7094 7094 7094 7094 7094 7094 7094 7094 7094 7094 7094 7094 7094 7094
7094 7094 7094 7094 7094 7094 7094 7094 7094 7094 7094 7094 7094 7094 7055 7054 7054 7054 7054 3783C 3784C 3782C 7054 7054 7054 7148C 7147C 7094 4995 4995 4995 4995 4995 4995 4995 7094 7094 7094 7094 7094 7094 7094 7094 7094 7094 7094 7094 7094 7094 7094 7094 7094 7094 7094 7094 7094 7094 7094 7094 7094 7094 7094 7094 7094 7094 7094 7094 7094 7094 7094 7094 7094 7094 7094 7094 7094 7094 7094 7094 7094
7094 7094 7094 7094 7094 7094 7094 7094 7094 7094 7094 7094 7094 7094 7055 7054 7166 7165 7165 3776C 3779C 3777C 7165 7165 7164 7145C 7144C 7094 4995 4995 5059 5058 5057 4995 4995 7094 7094 7094 7094 7094 7094 7094 7094 7094 7094 7094 7094 7094 7094 7094 7094 7094 7094 7094 7094 7094 7094 7094 7094 7094 7094 7094 7094 7094 7094 7094 7094 7094 7094 7094 7094 7094 7094 7094 7094 7094 7094 7094 7094 7094
7094 7094 7094 7094 7094 7094 7094 7094 7094 7094 7094 7094 7094 7094 7055 7054 3204C 7162 7162 3766C 3764C 3765C 7162 7162 7161 7142C 7141C 7094 4995 4995 5056 9003 5054 4995 4995 7094 7094 7094 7094 7094 7094 7094 7094 7094 7094 7094 7094 7094 7094 7094 7094 7094 7094 7094 7094 7094 7094 7094 7094 7094 7094 7094 7094 7094 7094 7094 7094 7094 7094 7094 7094 7094 7094 7094 7094 7094 7094 7094 7094 7094
7094 7094 7094 7094 7094 7094 7094 7094 7094 7094 7094 7094 7094 7094 7055 7054 3204C 7162 7162 3759 3758 3761 7162 7162 7161 7054 7053 7094 4995 4995 5053 5052 5051 4995 4995 7094 7094 7094 7094 7094 7094 7094 7094 7094 7094 7094 7094 7094 7094 7094 7094 7094 7094 7094 7094 7094 7094 7094 7094 7094 7094 7094 7094 7094 7094 7094 7094 7094 7094 7094 7094 7094 7094 7094 7094 7094 7094 7094 7094 7094
7094 7094 7094 7094 7094 7094 7094 7094 7094 7094 7094 7094 7094 7094 7055 7054 7163 7162 7162 7162 7162 7162 7162 7162 7161 7054 7053 7094 4995 4995 4995 4995 4995 4995 4995 7094 7094 7094 7094 7094 7094 7094 7094 7094 7094 7094 7094 7094 7094 7094 7094 7094 7094 7094 7094 7094 7094 7094 7094 7094 7094 7094 7094 7094 7094 7094 7094 7094 7094 7094 7094 7094 7094 7094 7094 7094 7094 7094 7094 7094
7094 7094 7094 7094 7094 7094 7094 7094 7094 7094 7094 7094 7094 7094 7055 7054 7163 7162 7162 7162 7162 7162 7162 7162 7161 7054 7053 7094 4995 4995 4995 4995 4995 4995 4995 7094 7094 7094 7094 7094 7094 7094 7094 7094 7094 7094 7094 7094 7094 7094 7094 7094 7094 7094 7094 7094 7094 7094 7094 7094 7094 7094 7094 7094 7094 7094 7094 7094 7094 7094 7094 7094 7094 7094 7094 7094 7094 7094 7094 7094
7094 7094 7094 7094 7094 7094 7094 7094 7094 7094 7094 7094 7094 7094 7055 7054 7163 7162 7162 7162 7162 7162 7162 7162 7161 7054 7053 7094 7094 7094 7094 7094 7094 7094 7094 7094 7094 7094 7094 7094 7094 7094 7094 7094 7094 7094 7094 7094 7094 7094 7094 7094 7094 7094 7094 7094 7094 7094 7094 7094 7094 7094 7094 7094 7094 7094 7094 7094 7094 7094 7094 7094 7094 7094 7094 7094 7094 7094 7094 7094
7094 7094 7094 7094 7094 7094 7094 7094 7094 7094 7094 7094 7094 7094 7055 7054 7163 7162 7162 7162 7162 7162 7162 7162 7161 7054 7053 7094 7094 7094 7094 7094 7094 7094 7094 7094 7094 7094 7094 7094 7094 7094 7094 7094 7094 7094 7094 7094 7094 7094 7094 7094 7094 7094 7094 7094 7094 7094 7094 7094 7094 7094 7094 7094 7094 7094 7094 7094 7094 7094 7094 7094 7094 7094 7094 7094 7094 7094 7094 7094
7094 7094 7094 7094 7094 7094 7094 7094 7094 7094 7094 7094 7094 7094 7055 7054 7163 7162 7162 7162 7162 7162 7162 7162 7161 7054 7053 7094 7094 7094 7094 7094 7094 7094 7094 7094 7094 7094 7094 7094 7094 7094 7094 7094 7094 7094 7094 7094 7094 7094 7094 7094 7094 7094 7094 7094 7094 7094 7094 7094 7094 7094 7094 7094 7094 7094 7094 7094 7094 7094 7094 7094 7094 7094 7094 7094 7094 7094 7094 7094
7094 7094 7094 7094 7094 7094 7094 7094 7094 7094 7094 7094 7094 7094 7055 7054 7163 7162 7162 7162 7162 7162 7162 7162 7161 7054 7053 7094 7094 7094 7094 7094 7094 7094 7094 7094 7094 7094 7094 7094 7094 7094 7094 7094 7094 7094 7094 7094 7094 7094 7094 7094 7094 7094 7094 7094 7094 7094 7094 7094 7094 7094 7094 7094 7094 7094 7094 7094 7094 7094 7094 7094 7094 7094 7094 7094 7094 7094 7094 7094
7094 7094 7094 7094 7094 7094 7094 7094 7094 7094 7094 7094 7094 7094 7055 7054 19209C 19208C 19207C 7162 7162 7162 19209C 19208C 19207C 7054 7053 7094 7094 7094 7094 7094 7094 7094 7094 7094 7094 7094 7094 7094 7094 7094 7094 7094 7094 7094 7094 7094 7094 7094 7094 7094 7094 7094 7094 7094 7094 7094 7094 7094 7094 7094 7094 7094 7094 7094 7094 7094 7094 7094 7094 7094 7094 7094 7094 7094 7094 7094 7094 7094
7094 7094 7094 7094 7094 7094 7094 7094 7094 7094 7094 7094 7094 7094 7055 7054 7163 7162 7162 7162 7162 7162 7162 7162 7161 7054 7053 7094 7094 7094 7094 7094 7094 7094 7094 7094 7094 7094 7094 7094 7094 7094 7094 7094 7094 7094 7094 7094 7094 7094 7094 7094 7094 7094 7094 7094 7094 7094 7094 7094 7094 7094 7094 7094 7094 7094 7094 7094 7094 7094 7094 7094 7094 7094 7094 7094 7094 7094 7094 7094
7094 7094 7094 7094 7094 7094 7094 7094 7094 7094 7094 7094 7094 7094 7055 7054 32874C 32873C 32872C 7162 7162 7162 32874C 32873C 32872C 7054 7053 7094 7094 7094 7094 7094 7094 6650C 6649C 6649C 6649C 6648C 7094 7094 7094 7094 7094 7094 7094 7094 7094 7094 7094 7094 7094 7094 7094 7094 7094 7094 7094 7094 7094 7094 7094 7094 7094 7094 7094 7094 7094 7094 7094 7094 7094 7094 7094 7094 7094 7094 7094 7094 7094 7094
7094 7094 7094 7094 7094 7094 7094 7094 7094 7094 7094 7094 7094 7094 7055 7054 32876C 19247C 32875C 7162 7162 7162 32876C 19247C 32875C 7054 7053 7094 7094 7094 7094 7094 7094 7094 7094 7094 7094 7094 7094 7094 7094 7094 7094 7094 7094 7094 7094 7094 7094 7094 7094 7094 7094 7094 7094 7094 7094 7094 7094 7094 7094 7094 7094 7094 7094 7094 7094 7094 7094 7094 7094 7094 7094 7094 7094 7094 7094 7094 7094 7094
7094 7094 7094 7094 7094 7094 7094 7094 7094 7094 7094 7094 7094 7094 7055 7054 7163 7162 7162 7162 7162 7162 7162 7162 7161 7054 7053 7094 7094 7094 7094 7094 7094 7094 7094 7094 7094 7094 7094 7094 7094 7094 7094 7094 7094 7094 7094 7094 7094 7094 7094 7094 7094 7094 7094 7094 7094 7094 7094 7094 7094 7094 7094 7094 7094 7094 7094 7094 7094 7094 7094 7094 7094 7094 7094 7094 7094 7094 7094 7094
7094 7094 7094 7094 7094 7094 7094 7094 7094 7094 7094 7094 7094 7094 7055 7054 7163 7162 7162 7162 7162 7162 7162 7162 7161 7054 7053 7094 7094 7094 7094 7094 7094 7094 7094 7094 7094 7094 7094 7094 7094 7094 7094 7094 7094 7094 7094 7094 7094 7094 7094 7094 7094 7094 7094 7094 7094 7094 7094 7094 7094 7094 7094 7094 7094 7094 7094 7094 7094 7094 7094 7094 7094 7094 7094 7094 7094 7094 7094 7094
7094 7094 7094 7094 7094 7094 7094 7094 7094 7094 7094 7094 7094 7094 7055 7054 7163 7162 7162 7162 7162 7162 7162 7162 7161 7054 7053 7094 7094 7094 7094 7094 7094 7094 7094 7094 7094 7094 7094 7094 7094 7094 7094 7094 7094 7094 7094 7094 7094 7094 7094 7094 7094 7094 7094 7094 7094 7094 7094 7094 7094 7094 7094 7094 7094 7094 7094 7094 7094 7094 7094 7094 7094 7094 7094 7094 7094 7094 7094 7094
7094 7094 7094 7094 7094 7094 7094 7094 7094 7094 7094 7094 7094 7094 7055 7054 7163 7162 7162 7162 7162 7162 7162 7162 7161 7054 7053 7094 7094 7094 7094 7094 7094 7094 7094 7094 7094 7094 7094 7094 7094 7094 7094 7094 7094 7094 7094 7094 7094 7094 7094 7094 7094 7094 7094 7094 7094 7094 7094 7094 7094 7094 7094 7094 7094 7094 7094 7094 7094 7094 7094 7094 7094 7094 7094 7094 7094 7094 7094 7094
7094 7094 7094 7094 7094 7094 7094 7094 7094 7094 7094 7094 7094 7094 7055 7054 7163 7162 7162 7162 7162 7162 7162 7162 7161 7054 7053 7094 7094 7094 7094 7094 7094 7094 7094 7094 7094 7094 7094 7094 7094 7094 7094 7094 7094 7094 7094 7094 7094 7094 7094 7094 7094 7094 7094 7094 7094 7094 7094 7094 7094 7094 7094 7094 7094 7094 7094 7094 7094 7094 7094 7094 7094 7094 7094 7094 7094 7094 7094 7094
7094 7094 7094 7094 7094 7094 7094 7094 7094 7094 7094 7094 7094 7094 7055 7054 4874C 7162 7162 7162 7162 7162 7162 7162 4874C 7054 7053 7094 7094 7094 7094 7094 7094 7094 7094 7094 7094 7094 7094 7094 7094 7094 7094 7094 7094 7094 7094 7094 7094 7094 7094 7094 7094 7094 7094 7094 7094 7094 7094 7094 7094 7094 7094 7094 7094 7094 7094 7094 7094 7094 7094 7094 7094 7094 7094 7094 7094 7094 7094 7094
7094 7094 7094 7094 7094 7094 7094 7094 7094 7094 7094 7094 7094 7094 7055 7054 4873C 7162 7162 7162 7162 7162 7162 7162 4873C 7054 7053 7094 7094 7094 7094 7094 7094 7094 7094 7094 7094 7094 7094 7094 7094 7094 7094 7094 7094 7094 7094 7094 7094 7094 7094 7094 7094 7094 7094 7094 7094 7094 7094 7094 7094 7094 7094 7094 7094 7094 7094 7094 7094 7094 7094 7094 7094 7094 7094 7094 7094 7094 7094 7094
7094 7094 7094 7094 7094 7094 7094 7094 7094 7094 7094 7094 7094 7094 7055 7054 4872 7162 7162 7162 7162 7162 7162 7162 4872 7054 7053 7094 7094 7094 7094 7094 7094 7094 7094 7094 7094 7094 7094 7094 7094 7094 7094 7094 7094 7094 7094 7094 7094 7094 7094 7094 7094 7094 7094 7094 7094 7094 7094 7094 7094 7094 7094 7094 7094 7094 7094 7094 7094 7094 7094 7094 7094 7094 7094 7094 7094 7094 7094 7094
7094 7094 7094 7094 7094 7094 7094 7094 7094 7094 7094 7094 7094 7094 7055 7054 7163 7162 7162 7162 7162 7162 7162 7162 7161 7054 7053 7094 7094 7094 7094 7094 7094 7094 7094 7094 7094 7094 7094 7094 7094 7094 7094 7094 7094 7094 7094 7094 7094 7094 7094 7094 7094 7094 7094 7094 7094 7094 7094 7094 7094 7094 7094 7094 7094 7094 7094 7094 7094 7094 7094 7094 7094 7094 7094 7094 7094 7094 7094 7094
7094 7094 7094 7094 7094 7094 7094 7094 7094 7094 7094 7094 7094 7094 7055 7054 7163 7162 7162 7162 7162 7162 7162 7162 7161 7054 7053 7094 7094 7094 7094 7094 7094 7094 7094 7094 7094 7094 7094 7094 7094 7094 7094 7094 7094 7094 7094 7094 7094 7094 7094 7094 7094 7094 7094 7094 7094 7094 7094 7094 7094 7094 7094 7094 7094 7094 7094 7094 7094 7094 7094 7094 7094 7094 7094 7094 7094 7094 7094 7094
7094 7094 7094 7094 7094 7094 7094 7094 7094 7094 7094 7094 7094 7094 7055 7054 7163 7162 7162 7162 7162 7162 7162 7162 7161 7054 7053 7094 7094 7094 7094 7094 7094 7094 7094 7094 7094 7094 7094 7094 7094 7094 7094 7094 7094 7094 7094 7094 7094 7094 7094 7094 7094 7094 7094 7094 7094 7094 7094 7094 7094 7094 7094 7094 7094 7094 7094 7094 7094 7094 7094 7094 7094 7094 7094 7094 7094 7094 7094 7094
7094 7094 7094 7094 7094 7094 7094 7094 7094 7094 7094 7094 7094 7094 7055 7054 7163 7162 7162 7162 7162 7162 7162 7162 7161 7054 7053 7094 7094 7094 7094 7094 7094 7094 7094 7094 7094 7094 7094 7094 7094 7094 7094 7094 7094 7094 7094 7094 7094 7094 7094 7094 7094 7094 7094 7094 7094 7094 7094 7094 7094 7094 7094 7094 7094 7094 7094 7094 7094 7094 7094 7094 7094 7094 7094 7094 7094 7094 7094 7094
7094 7094 7094 7094 7094 7094 7094 7094 7094 7094 7094 7094 7094 7094 7055 7054 7163 7162 7162 7162 7162 7162 7162 7162 7161 7054 7053 7094 7094 7094 7094 7094 7094 7094 7094 7094 7094 7094 7094 7094 7094 7094 7094 7094 7094 7094 7094 7094 7094 7094 7094 7094 7094 7094 7094 7094 7094 7094 7094 7094 7094 7094 7094 7094 7094 7094 7094 7094 7094 7094 7094 7094 7094 7094 7094 7094 7094 7094 7094 7094
7091 7091 7091 7091 7091 7091 7091 7091 7091 7091 7091 7091 7091 7091 7052 7051 7160 7159 7159 7159 7159 7159 7159 7159 7158 7051 7050 7091 7091 7091 7091 7091 7091 7091 7091 7091 7091 7091 7091 7091 7091 7091 7091 7091 7091 7091 7091 7091 7091 7091 7091 7091 7091 7091 7091 7091 7091 7091 7091 7091 7091 7091 7091 7091 7091 7091 7091 7091 7091 7091 7091 7091 7091 7091 7091 7091 7091 7091 7091 7091
7054 7054 7054 7054 7054 7054 7054 7054 7054 7054 7054 7054 7054 7054 7049 7048 7048 11413 11413 11413 11413 11413 11413 11413 7048 7048 7047 7054 7054 7054 7054 7054 7054 7054 7054 7054 7054 7054 7054 7054 7054 7054 7054 7054 7054 7054 7054 7054 7054 7054 7054 7054 7054 7054 7054 7054 7054 7054 7054 7054 7054 7054 7054 7054 7054 7054 7054 7054 7054 7054 7054 7054 7054 7054 7054 7054 7054 7054 7054 7054
7054 7054 7054 7054 7054 7054 7054 7054 7054 7054 7054 7054 7054 7054 11431 11430 11430 11413 11413 11413 11413 11413 11413 11413 11430 11430 11429 7054 7054 7054 7054 7054 7054 7054 7054 7054 7054 7054 7054 7054 7054 7054 7054 7054 7054 7054 7054 7054 7054 7054 7054 7054 7054 7054 7054 7054 7054 7054 7054 7054 7054 7054 7054 7054 7054 7054 7054 7054 7054 7054 7054 7054 7054 7054 7054 7054 7054 7054 7054 7054
7054 7054 7054 7054 7054 7054 7054 7054 7054 7054 7054 7054 7054 7054 7054 7054 7054 7054 7054 7054 7054 7054 7054 7054 7054 7054 7054 7054 7054 7054 7054 7054 7054 7054 7054 7054 7054 7054 7054 7054 7054 7054 7054 7054 7054 7054 7054 7054 7054 7054 7054 7054 7054 7054 7054 7054 7054 7054 7054 7054 7054 7054 7054 7054 7054 7054 7054 7054 7054 7054 7054 7054 7054 7054 7054 7054 7054 7054 7054 7054
7054 7054 7054 7054 7054 7054 7054 7054 7054 7054 7054 7054 7054 7054 7054 7054 7054 7054 7054 7054 7054 7054 7054 7054 7054 7054 7054 7054 7054 7054 7054 7054 7054 7054 7054 7054 7054 7054 7054 7054 7054 7054 7054 7054 7054 7054 7054 7054 7054 7054 7054 7054 7054 7054 7054 7054 7054 7054 7054 7054 7054 7054 7054 7054 7054 7054 7054 7054 7054 7054 7054 7054 7054 7054 7054 7054 7054 7054 7054 7054
7054 7054 7054 7054 7054 7054 7054 7054 7054 7054 7054 7054 7054 7054 7054 7054 7054 7054 7054 7054 7054 7054 7054 7054 7054 7054 7054 7054 7054 7054 7054 7054 7054 7054 7054 7054 7054 7054 7054 7054 7054 7054 7054 7054 7054 7054 7054 7054 7054 7054 7054 7054 7054 7054 7054 7054 7054 7054 7054 7054 7054 7054 7054 7054 7054 7054 7054 7054 7054 7054 7054 7054 7054 7054 7054 7054 7054 7054 7054 7054#END

#MAP



              7058 7057 7057 7057 7057 7057 7057 7057 7057 7057 7057 7057 7056
                        7152 7151 7150    23484 24664 22566
                  3811C    3812C  7149 30007C 30007C     1281C   32972C
                  3787C    3788C  7146 30007C 30007C    9007 9006 9005
                30005C  3770C    3771C  7143 30007C 30007C    9004 27883C 9002
                  3786    3785   7140 468    9001 9000 8999 4733C
                 32241C      32241C        11_13
                 32243C      32243C
                 32244 31440C    31440C 32244

                            21574 21632 21720 21591 23586  21724 21724 21727 21728 22014 21724 21957 21727 22012
                19198C 19199C 19200C    19198C 19199C 19200C
                21652C 21638C 23488C     29728C
                19272C 16966C 19271C    19272C 16974C 19271C
                484C 484C 26654C    27901C 32840C 27953C         17530C 5307 11_13 32002C
                                 6647 6646 6646 6646 6645




                2820C        17653C
                484C 11550 11549    11550 11549 5917C
                484C        17530C
                 11550 11549  11_13  11550 11549 5632C

                  21725 21723 21725 21728 22014
                  7129 7127 7127 7127 7128
                 32241C  7125 7126 7125  32241C
               17_0  32243C  7124  7124  32243C  17_0
               17_1  32244  7123  7123  32244  17_1#END

#HUMAN
A711,22,24,2,0,0,#END

#HUMAN
A250,18,24,2,0,0,#END

#HUMAN
A254,17,24,2,0,0,#END

#HUMAN
A544,35,15,0,0,0,#END